2.937434673309326
3.7378299236297607
1.4705982208251953
3.1954634189605713
1.037207841873169
0.7958517074584961
2.397252321243286
0.6625344753265381
0.5582103729248047
0.4907255172729492
5.481821775436401
0.4572274684906006
1.5154285430908203
2.540379762649536
0.3592514991760254
0.34010887145996094
2.21604061126709
0.3084557056427002
0.2819983959197998
2.0562689304351807
0.2654569149017334
0.2611720561981201
1.925478458404541
0.24610066413879395
1.8392431735992432
2.278395891189575
0.3411836624145508
1.7270424365997314
0.22063231468200684
0.20455312728881836
1.551604986190796
1.6482818126678467
1.3584179878234863
1.5118846893310547
1.370187759399414
1.6321122646331787
1.442328929901123
1.8199448585510254
1.4140701293945312
1.3820853233337402
3.2120718955993652
3.7759134769439697
1.5904417037963867
1.8658757209777832
1.0880603790283203
0.7881348133087158
1.2291417121887207
0.6844356060028076
2.5632643699645996
0.6051962375640869
0.5331604480743408
2.595651626586914
0.4383273124694824
0.4067811965942383
2.2058522701263428
0.3794858455657959
0.3185906410217285
2.0510120391845703
0.3274116516113281
1.8411893844604492
2.7514803409576416
0.2641134262084961
1.8698723316192627
0.26932477951049805
0.24280595779418945
1.7763912677764893
0.24517202377319336
0.25317859649658203
1.4949061870574951
0.25863194465637207
0.22105860710144043
1.575035572052002
1.6260161399841309
1.6513221263885498
1.2874865531921387
1.4203150272369385
1.7211024761199951
2.5266647338867188
1.2373535633087158
1.4678354263305664
